R_cam_world: [-0.3905901927660412, -0.9179987825206489, 0.06868432576354488, -0.2084273785625782,
  0.015514478347675609, -0.977914786076543, 0.8966589815423243, -0.3962796187696326,
  -0.19739588285290088]
R_world_cam: [-0.3905901927660412, -0.2084273785625782, 0.8966589815423243, -0.9179987825206489,
  0.015514478347675609, -0.3962796187696326, 0.06868432576354488, -0.977914786076543,
  -0.19739588285290088]
camera_matrix:
  cols: 3
  data: [2628.656508814706, 0.0, 609.2430666036205, 0.0, 2641.115222348418, 467.5591868794624,
    0.0, 0.0, 1.0]
  rows: 3
camera_name: 22495527
distortion_coefficients:
  cols: 1
  data: [-0.14041928742035262, 0.8620654786862171, -0.006634487466967242, -0.004486911289716895,
    -3.0293169694524544]
  rows: 1
distortion_model: radtan
image_height: 1024
image_width: 1280
projection_matrix:
  cols: 4
  data: [1.0, 0.0, 0.0, 0.0, 0.0, 1.0, 0.0, 0.0, 0.0, 0.0, 1.0, 0.0]
  rows: 3
rectification_matrix:
  cols: 3
  data: [1.0, 0.0, 0.0, 0.0, 1.0, 0.0, 0.0, 0.0, 1.0]
  rows: 3
t_cam_world: [3.994032557774082, 3.2639818946737025, 8.766655649770074]
t_world_cam: [-5.620367389817718, 7.089925007727853, 4.648070454632915]
