R_cam_world: [0.5304586916456395, -0.8476908576633766, 0.005812597657314789, -0.16308783136757815,
  -0.10877924370255104, -0.9805964691958265, 0.8318749519713988, 0.5192179561354079,
  -0.19595095893909975]
R_world_cam: [0.5304586916456395, -0.16308783136757815, 0.8318749519713988, -0.8476908576633766,
  -0.10877924370255104, 0.5192179561354079, 0.005812597657314789, -0.9805964691958265,
  -0.19595095893909975]
camera_matrix:
  cols: 3
  data: [2619.4252729261066, 0.0, 505.4775270146413, 0.0, 2616.398595103768, 518.6484175994734,
    0.0, 0.0, 1.0]
  rows: 3
camera_name: 22495525
distortion_coefficients:
  cols: 1
  data: [-0.15608089886292362, 1.9203008841746567, -0.0017004149622782945, -0.01885250242914736,
    -11.083090535790493]
  rows: 1
distortion_model: radtan
image_height: 1024
image_width: 1280
projection_matrix:
  cols: 4
  data: [1.0, 0.0, 0.0, 0.0, 0.0, 1.0, 0.0, 0.0, 0.0, 0.0, 1.0, 0.0]
  rows: 3
rectification_matrix:
  cols: 3
  data: [1.0, 0.0, 0.0, 0.0, 1.0, 0.0, 0.0, 0.0, 1.0]
  rows: 3
t_cam_world: [-4.1852372063264855, 2.9450357552853554, 10.44977212635545]
t_world_cam: [-5.992508738399937, -8.65313788034569, 4.959861632123509]
