R_cam_world: [0.0433327645945879, -0.9990004154509475, -0.010974581605870504, -0.22037692684250798,
  0.0011563760788609878, -0.9754141032965515, 0.9744517851736132, 0.04468593428807471,
  -0.22010653249906065]
R_world_cam: [0.0433327645945879, -0.22037692684250798, 0.9744517851736132, -0.9990004154509475,
  0.0011563760788609878, 0.04468593428807471, -0.010974581605870504, -0.9754141032965515,
  -0.22010653249906065]
camera_matrix:
  cols: 3
  data: [2638.108203369666, 0.0, 540.8820759111942, 0.0, 2652.3624955075247, 521.0966996905954,
    0.0, 0.0, 1.0]
  rows: 3
camera_name: 22495526
distortion_coefficients:
  cols: 1
  data: [-0.11558902197653022, 0.2647066965308576, -0.005255588961843675, -0.006299324772621751,
    -0.8144522313117021]
  rows: 1
distortion_model: radtan
image_height: 1024
image_width: 1280
projection_matrix:
  cols: 4
  data: [1.0, 0.0, 0.0, 0.0, 0.0, 1.0, 0.0, 0.0, 0.0, 0.0, 1.0, 0.0]
  rows: 3
rectification_matrix:
  cols: 3
  data: [1.0, 0.0, 0.0, 0.0, 1.0, 0.0, 0.0, 0.0, 1.0]
  rows: 3
t_cam_world: [0.3178890247878262, 3.1799900520833346, 7.147466987871524]
t_world_cam: [-6.277840541011337, -0.005497236743120082, 4.678500019040872]
