R_cam_world: [0.10785833248092902, 0.9927964601756168, 0.05217057386303403, 0.22861997892000463,
  0.026301228414944533, -0.9731603930609185, -0.9675223435937021, 0.1168906927288475,
  -0.22413629915816885]
R_world_cam: [0.10785833248092902, 0.22861997892000463, -0.9675223435937021, 0.9927964601756168,
  0.026301228414944533, 0.1168906927288475, 0.05217057386303403, -0.9731603930609185,
  -0.22413629915816885]
camera_matrix:
  cols: 3
  data: [2583.204478071324, 0.0, 515.6524890314807, 0.0, 2588.13414800042, 482.4134247083704,
    0.0, 0.0, 1.0]
  rows: 3
camera_name: 23045008
distortion_coefficients:
  cols: 1
  data: [-0.15892828703088524, 0.2134878057270307, -0.0010575278240128956, -0.010424859000181278,
    -6.83282809800931]
  rows: 1
distortion_model: radtan
image_height: 1024
image_width: 1280
projection_matrix:
  cols: 4
  data: [1.0, 0.0, 0.0, 0.0, 0.0, 1.0, 0.0, 0.0, 0.0, 0.0, 1.0, 0.0]
  rows: 3
rectification_matrix:
  cols: 3
  data: [1.0, 0.0, 0.0, 0.0, 1.0, 0.0, 0.0, 0.0, 1.0]
  rows: 3
t_cam_world: [-0.6312729640713229, -2.288770420313908, 30.03466852773136]
t_world_cam: [29.65055957750058, -2.8238501723392107, 4.537452601188967]
