R_cam_world: [-0.3937739240010619, 0.9176962011689402, 0.05268566348544518, 0.16558761881422374,
  0.1271972637016185, -0.9779578705661385, -0.9041696949534646, -0.37637021463834874,
  -0.20204609439640792]
R_world_cam: [-0.3937739240010619, 0.16558761881422374, -0.9041696949534646, 0.9176962011689402,
  0.1271972637016185, -0.37637021463834874, 0.05268566348544518, -0.9779578705661385,
  -0.20204609439640792]
camera_matrix:
  cols: 3
  data: [2619.8012656175765, 0.0, 744.1207294507313, 0.0, 2630.1473671124845, 530.4123269790489,
    0.0, 0.0, 1.0]
  rows: 3
camera_name: 23045007
distortion_coefficients:
  cols: 1
  data: [-0.1201799160006897, 0.7429922614313986, -0.008501800210484408, 0.008922651032761028,
    -7.780141323799311]
  rows: 1
distortion_model: radtan
image_height: 1024
image_width: 1280
projection_matrix:
  cols: 4
  data: [1.0, 0.0, 0.0, 0.0, 0.0, 1.0, 0.0, 0.0, 0.0, 0.0, 1.0, 0.0]
  rows: 3
rectification_matrix:
  cols: 3
  data: [1.0, 0.0, 0.0, 0.0, 1.0, 0.0, 0.0, 0.0, 1.0]
  rows: 3
t_cam_world: [5.086597276731108, -1.2473339523668794, 30.29570936311951]
t_world_cam: [29.601974721760676, 6.893109103549096, 4.633298945437585]
