R_cam_world: [0.5360110149305136, 0.8203187804003018, -0.19942239191154548, 0.0819781818722839,
  -0.2856839666799499, -0.9548111063864537, -0.8402212622696925, 0.49544098508759915,
  -0.22037799510240086]
R_world_cam: [0.5360110149305136, 0.0819781818722839, -0.8402212622696925, 0.8203187804003018,
  -0.2856839666799499, 0.49544098508759915, -0.19942239191154548, -0.9548111063864537,
  -0.22037799510240086]
camera_matrix:
  cols: 3
  data: [2634.228033176116, 0.0, 736.4201750651295, 0.0, 2640.1059463036836, 470.2963544129506,
    0.0, 0.0, 1.0]
  rows: 3
camera_name: 23045009
distortion_coefficients:
  cols: 1
  data: [-0.2518897885584637, 2.4993771445423922, -0.010427262149918586, 0.012480578394182432,
    -12.467577696865442]
  rows: 1
distortion_model: radtan
image_height: 1024
image_width: 1280
projection_matrix:
  cols: 4
  data: [1.0, 0.0, 0.0, 0.0, 0.0, 1.0, 0.0, 0.0, 0.0, 0.0, 1.0, 0.0]
  rows: 3
rectification_matrix:
  cols: 3
  data: [1.0, 0.0, 0.0, 0.0, 1.0, 0.0, 0.0, 0.0, 1.0]
  rows: 3
t_cam_world: [-7.665160717834473, -0.8388391981471502, 29.89484129146228]
t_world_cam: [29.295658373583834, -8.762897236386538, 4.258627520116755]
